Taxa,BGEM-0198-S,BGEM-0179-S,BGEM-0030-S,BGEM-0138-S,BGEM-0082-S,BGEM-0268-S,BGEM-0212-N,BGEM-0253-N,BGEM-0108-S,BGEM-0146-N,BGEM-0061-N,BGEM-0099-S,BGEM-0193-N,BGEM-0256-N,BGEM-0097-S,BGEM-0202-N,BGEM-0013-S,BGEM-0269-S,BGEM-0223-N,BGEM-0029-S,BGEM-0022-S,BGEM-0199-S,BGEM-0170-S,BGEM-0166-S,BGEM-0074-S,BGEM-0188-S,BGEM-0236-S,BGEM-0150-S,BGEM-0213-S,BGEM-0158-S,BGEM-0141-N,BGEM-0162-S,BGEM-0115-S,BGEM-0235-N,BGEM-0047-S,BGEM-0078-S,BGEM-0255-S,BGEM-0173-S,BGEM-0051-S,BGEM-0001-N,BGEM-0133-S,BGEM-0191-N,BGEM-0127-N,BGEM-0037-S,BGEM-0052-S,BGEM-0134-S,BGEM-0080-S,BGEM-0244-S,BGEM-0204-N,BGEM-0083-S,BGEM-0036-S,BGEM-0196-N,BGEM-0120-N,BGEM-0117-S,BGEM-0088-N,BGEM-0182-N,BGEM-0039-N,BGEM-0153-S,BGEM-0247-N,BGEM-0254-S,BGEM-0225-N,BGEM-0211-N,BGEM-0095-S,BGEM-0034-S,BGEM-0257-S,BGEM-0046-N,BGEM-0102-N,BGEM-0266-S,BGEM-0264-S,BGEM-0028-S,BGEM-0014-S,BGEM-0023-S,BGEM-0259-N,BGEM-0090-N,BGEM-0063-N,BGEM-0226-S,BGEM-0024-S,BGEM-0114-S,BGEM-0140-N,BGEM-0169-S,BGEM-0151-N,BGEM-0107-N,BGEM-0123-N,BGEM-0160-S,BGEM-0129-N,BGEM-0071-S,BGEM-0032-S,BGEM-0085-N,BGEM-0011-S,BGEM-0152-N,BGEM-0192-N,BGEM-0010-S,BGEM-0250-S,BGEM-0227-N,BGEM-0201-N,BGEM-0265-S,BGEM-0033-S,BGEM-0178-S,BGEM-0239-N,BGEM-0050-S,BGEM-0006-S,BGEM-0167-S,BGEM-0260-N,BGEM-0174-N,BGEM-0068-S,BGEM-0005-N,BGEM-0038-N,BGEM-0203-N,PHZ51,BGEM-0243-S,BGEM-0031-S,BGEM-0025-S,BGEM-0206-N,BGEM-0066-N,BGEM-0059-S,BGEM-0130-N,BGEM-0164-S,BGEM-0246-N,BGEM-0125-N,BGEM-0145-N,BGEM-0073-S,BGEM-0165-S,BGEM-0240-N,BGEM-0040-N,BGEM-0048-S,BGEM-0233-S,BGEM-0157-N,BGEM-0210-N,BGEM-0218-S,BGEM-0262-S,BGEM-0007-S,BGEM-0042-S,BGEM-0008-S,BGEM-0100-S,BGEM-0067-S,BGEM-0215-N,BGEM-0019-S,BGEM-0045-N,BGEM-0124-N,BGEM-0018-S,BGEM-0026-S,BGEM-0079-S,BGEM-0258-S,BGEM-0197-S,BGEM-0242-N,BGEM-0136-S,BGEM-0228-N,BGEM-0087-N,BGEM-0137-S,BGEM-0263-S,BGEM-0261-S,BGEM-0200-S,PHB47,BGEM-0041-S,BGEM-0209-N,BGEM-0054-S,BGEM-0027-S,BGEM-0131-N,BGEM-0270-S,BGEM-0184-N,BGEM-0118-S,BGEM-0190-N,BGEM-0121-N,BGEM-0089-N,BGEM-0110-N,BGEM-0126-N,BGEM-0035-S,BGEM-0094-S,BGEM-0207-N,BGEM-0055-S,BGEM-0222-S,BGEM-0070-S,BGEM-0186-S,BGEM-0237-N,BGEM-0116-S,BGEM-0172-S,BGEM-0111-S,BGEM-0112-S,BGEM-0072-S,BGEM-0113-S,BGEM-0175-S,BGEM-0149-S,BGEM-0049-S,BGEM-0156-S,BGEM-0221-S,BGEM-0252-S,BGEM-0122-N,BGEM-0224-N,BGEM-0205-N,BGEM-0003-N,BGEM-0187-S,BGEM-0044-S,BGEM-0161-S,BGEM-0155-S,BGEM-0216-N,BGEM-0144-N,BGEM-0012-S,BGEM-0154-S,BGEM-0248-N,BGEM-0143-N,BGEM-0159-S
BGEM-0198-S,1.848609794,0.578125008,0.401007628,0.40805663,0.218527688,0.236916787,-0.730183896,-0.651020655,0.270173103,-0.72343518,-0.612893304,0.419101353,-0.788585231,-0.787836975,0.436684562,-0.761245872,0.415298508,-0.691764775,-0.601216246,0.355974378,0.434060916,0.675190408,0.607297514,-0.683049961,0.383133959,0.585489358,0.488385972,0.520618961,0.413894012,0.524942148,-0.583910401,0.652063226,0.156920803,-0.737686436,0.53346343,-0.77135896,0.39201316,0.516160204,0.488278236,-0.716284337,0.55733232,-0.748894238,-0.537276176,0.335207232,-0.726224195,0.401694321,0.50225213,0.543588306,-0.793515865,0.577752681,0.627260734,-0.554335114,-0.498241749,0.139874637,-0.495771356,-0.850190152,-0.658104368,0.550746353,-0.656316411,0.58060588,-0.563248371,-0.788309834,0.545961769,0.427307615,0.337325927,-0.313956825,-0.775520706,-0.668189621,-0.735926642,0.468457463,0.300197671,0.451063202,-0.772353797,-0.644309269,-0.710359194,0.550982128,0.447070099,0.162553848,-0.692503862,0.606188064,-0.607803196,0.547210064,-0.442202088,0.44664767,0.430656594,0.448494243,0.342783124,-0.036569804,0.463777995,-0.359695106,-0.788646795,0.474088216,0.406837807,0.385263788,-0.704863356,0.35830396,0.579427662,0.496658054,-0.858320114,0.569980638,0.795748769,0.550817413,0.545090713,-0.854952141,0.539550013,0.592678187,-0.645934803,-0.675568051,-0.910954799,0.484223898,0.574246846,0.464112336,-0.618089839,-0.715816717,0.356024807,-0.650090001,0.623947775,-0.844661241,-0.740424695,-0.723676194,0.488289698,-0.630235171,-0.67980839,-0.666533305,0.503885196,0.573990768,-0.737999493,-0.656192957,0.460214853,-0.672618251,-0.225110785,0.536292724,0.679914412,0.38321255,0.390947262,0.676317214,0.487364938,-0.73703249,-0.687481539,0.512476228,0.380641626,0.391215456,0.357557669,-0.133369958,-0.809692613,0.603722911,-0.797076714,-0.634627125,0.462743862,-0.731559575,0.50020384,0.425964355,0.591511758,0.449961611,-0.763029244,0.436219562,0.539595531,-0.552340527,0.280161426,-0.766430946,0.156388673,-0.811880404,-0.106222493,-0.514651324,-0.583697549,-0.722971818,0.319396917,-0.577356198,-0.592945802,0.464394283,0.54974071,0.450633241,0.529327226,-0.644520157,0.156511145,0.558361869,0.143334627,0.166680556,0.515506585,0.140682819,-0.766617601,0.400077956,0.359071537,0.521728411,0.67692859,0.591838241,-0.887207071,-0.543328703,-0.801165764,-0.710408968,0.406955039,0.629090933,0.406107561,0.66023805,-0.712271914,-0.752803837,0.575634968,0.687629149,0.464190273,-0.810228345,0.428470441
BGEM-0179-S,0.578125008,1.688692161,0.589168095,0.497749821,0.307957598,0.342077765,-0.761402728,-0.714228187,0.436086284,-0.744451854,-0.750082934,0.500830279,-0.790448177,-0.809511853,0.526311932,-0.805562958,0.536453836,-0.696787098,-0.614795218,0.411572616,0.506048427,0.489162063,0.560413434,-0.680568762,0.468812107,0.555850216,0.483429469,0.663758294,0.505956737,0.557898179,-0.77606004,0.522574579,0.153149067,-0.757123421,0.593208352,-0.828313556,0.416149261,0.467235693,0.490167052,-0.759087554,0.469968712,-0.797555467,-0.665580056,0.407589665,-0.714067402,0.49981252,0.511052085,0.597738497,-0.821509498,0.64052534,0.492440638,-0.595427001,-0.658073586,0.14485701,-0.511324939,-0.859293339,-0.650357539,0.556189469,-0.69234013,0.662729728,-0.583080278,-0.800440757,0.553116214,0.429657173,0.203295676,-0.192735676,-0.760007074,-0.718233078,-0.784061309,0.563745386,0.134112898,0.383906448,-0.788368122,-0.706529496,-0.730191101,0.597233874,0.424934479,0.160822543,-0.805471595,0.561476056,-0.385811058,0.608863777,-0.453872269,0.461042356,0.614604557,0.440641643,0.570896556,-0.048898189,0.537805937,-0.362545358,-0.787876926,0.683771944,0.512130426,0.592775444,-0.711531189,0.49907376,0.573681314,1.193741633,-0.889868047,0.515987958,0.587144036,0.595292009,0.720547848,-0.884657104,0.614104519,0.50906634,-0.754755853,-0.721267365,-0.936578898,0.670870496,0.577912811,0.55439791,-0.694132343,-0.733213271,0.492911205,-0.789122601,0.593189687,-0.893519932,-0.834896903,-0.786291342,0.509332241,-0.628083074,-0.743213383,-0.65766753,0.491096069,0.607999925,-0.757370657,-0.67352369,0.371534837,-0.728651362,-0.354994353,0.521199883,0.59011545,0.626267207,0.643940795,0.545907082,0.529272539,-0.758839008,-0.820656126,0.578079163,0.416493753,0.487951427,0.382549434,-0.174988408,-0.800826838,0.545451907,-0.822832455,-0.670716664,0.478191674,-0.763831532,0.610235526,0.384214264,0.672977403,0.474295173,-0.802475622,0.37827766,0.548132204,-0.646878556,0.247889468,-0.788171644,0.156237057,-0.8581721,-0.170154049,-0.528230296,-0.649142973,-0.830081537,0.39533365,-0.748969882,-0.646082817,0.459964343,0.447501698,0.448836115,0.564981892,-0.697788812,0.157939218,0.543137387,0.140813478,0.159025418,0.460789881,0.155538248,-0.808762614,0.547824715,0.313306404,0.582065716,0.601478469,0.662838446,-0.900720222,-0.53650336,-0.809808208,-0.75933348,0.499610147,0.55140292,0.320916025,0.379033448,-0.738093475,-0.807520541,0.519667677,0.570975475,0.448899971,-0.845396399,0.626372323
BGEM-0030-S,0.401007628,0.589168095,1.835613709,0.300886329,0.200938913,0.343925975,-0.68017515,-0.630894357,0.365202983,-0.667305139,-0.648648502,0.457854816,-0.680325456,-0.726507125,0.475503845,-0.6959668,0.474127184,-0.605818106,-0.463666406,0.320943204,0.364276586,0.312176324,0.469059998,-0.594141375,0.438276694,0.438563553,0.381413133,0.589978897,0.411312282,0.502614306,-0.673309201,0.390149231,0.245368646,-0.655162426,0.443143145,-0.733856084,0.41444317,0.403395172,0.41368902,-0.664169338,0.337609184,-0.700925923,-0.511357686,0.422536129,-0.627574194,0.346917036,0.358617344,0.511782331,-0.758909085,0.571419189,0.774288708,-0.474509739,-0.492925035,0.230494552,-0.419039539,-0.776420251,-0.578673915,0.376768376,-0.602621724,0.537610441,-0.445378822,-0.730534284,0.390347675,0.349032457,0.186911643,-0.228141796,-0.687731067,-0.632332254,-0.659984669,0.448301693,0.096271424,0.358834125,-0.703717885,-0.629053679,-0.631389484,0.488503859,0.467393858,0.233559293,-0.716608854,0.474795866,-0.341508708,0.46426166,-0.398182995,0.400887776,0.690369044,0.350867896,0.641921976,-0.0083476,0.514115843,-0.322587153,-0.677754205,0.602752306,0.454345379,0.448304968,-0.580016847,0.556211082,0.56407678,0.51474392,-0.807784805,0.420027096,0.488418719,0.462932481,0.621032686,-0.773481257,0.52762179,0.433838895,-0.644633132,-0.627665557,-0.848506002,0.603212394,0.567584252,0.441257931,-0.601846943,-0.645469476,0.353706358,-0.669916669,0.428973099,-0.795903081,-0.745310138,-0.684988551,0.37453736,-0.567523093,-0.622427762,-0.577558899,0.423372146,0.498940809,-0.675879798,-0.619019183,0.379043599,-0.615105982,-0.357753569,0.465521088,0.576298411,0.536690921,0.636442512,0.441521213,0.425413232,-0.671621776,-0.722446892,0.514633564,0.38404955,0.422991959,0.388610148,-0.176562857,-0.678132426,0.419082033,-0.737655655,-0.585934786,0.3838105,-0.656736548,0.516183454,0.460768596,0.530481538,0.381493689,-0.71696972,0.463783562,0.49258505,-0.506873387,0.139093634,-0.694438195,0.23305467,-0.764899394,-0.094521203,-0.453782216,-0.555804447,-0.739507467,0.300162632,-0.628381722,-0.554455621,0.368018523,0.353976189,0.355508068,0.597963137,-0.577529754,0.228372255,0.422625527,0.229544578,0.246900853,0.299206108,0.245519935,-0.727864138,0.458774992,0.321341728,0.44983783,0.495776192,0.533111733,-0.816004164,-0.384913805,-0.73733474,-0.659347096,0.411152807,0.481177823,0.272148369,0.401285973,-0.642846158,-0.722607022,0.526320774,0.556500233,0.210635466,-0.756731119,0.550091752
BGEM-0138-S,0.40805663,0.497749821,0.300886329,1.951140905,0.30803488,0.417914294,-0.668189621,-0.551772049,0.419708473,-0.587656268,-0.628172145,0.556262493,-0.655373314,-0.680821565,0.41054536,-0.736900849,0.658101344,-0.610682591,-0.430749998,0.473850149,0.40370921,0.537288216,0.493156475,-0.593147848,0.409651054,0.433172504,0.392477177,0.424249423,0.486419548,0.321746147,-0.673632081,0.460122508,-0.005729849,-0.691423229,0.488697063,-0.723121141,0.506400451,0.371610154,0.539938714,-0.653434396,0.422918607,-0.699932395,-0.406960355,0.478621307,-0.60933573,0.798714288,0.382582181,0.39791931,-0.729612798,0.45953078,0.488173775,-0.334766869,-0.532937599,0.004934361,-0.428972193,-0.780429072,-0.583670042,0.440883639,-0.530542196,0.453169126,-0.393506147,-0.715586837,0.425831077,0.390373872,0.239574162,-0.242155314,-0.6904893,-0.631338727,-0.716518146,0.423296174,0.148604841,0.428939043,-0.718587067,-0.612131622,-0.63638561,0.437630934,0.290079999,-0.005823176,-0.658154142,0.493231792,-0.31905774,0.523045473,-0.353418921,0.527334931,0.519439761,0.362261042,0.595261555,0.002979725,0.600610033,-0.448561122,-0.654645032,0.560238568,0.499504376,0.355701927,-0.597913767,0.420758979,0.539795284,0.514618501,-0.804685025,0.40805401,0.424381719,0.490978181,0.383822289,-0.779003947,0.45463322,0.417653305,-0.646535701,-0.608768888,-0.84316833,0.558789865,0.541262326,0.415133466,-0.617835072,-0.637498989,0.460999786,-0.575918956,0.510464941,-0.810772264,-0.601091482,-0.655231521,0.437138755,-0.598584087,-0.658162002,-0.585846044,0.353608774,0.415815902,-0.683179637,-0.606046348,0.553407985,-0.656829876,-0.271983403,0.46539567,0.343497979,0.411901718,0.483811293,0.679270616,0.507760739,-0.658583121,-0.653724202,0.514047403,0.300727181,0.302612722,0.404149978,-0.112908336,-0.68089066,0.436530653,-0.757198083,-0.561509207,0.40283881,-0.686152033,0.502038296,0.256336744,0.551550279,0.435077693,-0.730456674,0.341363892,0.492525451,-0.427553617,0.389480549,-0.702922801,0.01302339,-0.761536333,-0.072596797,-0.493334038,-0.57073945,-0.70323422,0.655993782,-0.54517855,-0.576959966,0.354005006,0.508462823,0.365255705,0.401956293,-0.60720852,0.015976138,0.508461513,-0.002663471,0.003700802,0.583687976,-0.003538129,-0.704030941,0.53427718,0.327140143,0.47610638,0.576873111,0.507842932,-0.800201053,-0.313295019,-0.72712636,-0.659801617,0.358897654,0.424841807,0.318492132,0.251090107,-0.561946699,-0.661980238,0.428847025,0.334889264,0.327472847,-0.749879578,0.428725209
BGEM-0082-S,0.218527688,0.307957598,0.200938913,0.30803488,2.183554274,0.370294074,-0.507027622,-0.532058029,0.232746526,-0.53825726,-0.553563935,0.471782865,-0.547723277,-0.568959025,0.102803032,-0.59693301,0.468835684,-0.460315134,-0.373123444,0.306502673,0.449158996,0.206772039,0.433227846,-0.507481816,0.271593644,0.279252384,0.276535411,0.380051862,0.376335795,0.245362425,-0.566771889,0.31712857,0.131210253,-0.563368878,0.440616101,-0.569396845,0.358469985,0.336561625,0.382859216,-0.573560557,0.284597915,-0.557265921,-0.470245823,0.314235748,-0.52057614,0.280741693,0.671304059,0.391765924,-0.554694342,0.281257122,0.250398502,-0.422603336,-0.424168616,0.140887157,-0.284462749,-0.591161775,-0.491816895,0.457964844,-0.435792952,0.385473693,-0.344436241,-0.56166508,0.299818794,0.376848604,0.238159842,-0.054401885,-0.531894297,-0.494003703,-0.561477443,0.340593696,0.092098871,0.27982381,-0.543602791,-0.47519152,-0.505369342,0.367434326,0.278792624,0.135329429,-0.560179701,0.430933629,-0.216344231,0.366031796,-0.251495257,0.224200029,0.219266776,0.398627616,0.394608971,0.151964955,0.394691819,-0.32215228,-0.553971956,0.331743967,0.492824426,0.325392465,-0.500597529,0.296194744,0.294911411,0.297247543,-0.630358953,0.297904437,0.266775658,0.377866692,0.345482741,-0.620079841,0.539641049,0.294273837,-0.50795009,-0.416342214,-0.674371169,0.286722178,0.292955793,0.32940325,-0.45436936,-0.468175265,0.389157669,-0.54804321,0.359638378,-0.646385067,-0.583746996,-0.561403763,0.223322097,-0.455193589,-0.502068172,-0.495375124,0.301117846,0.319751888,-0.55242665,-0.411842524,0.281077017,-0.523444074,-0.274253387,0.357023247,0.355971758,0.33801917,0.324691363,0.458806101,0.425650644,-0.543495383,-0.573982003,0.414363269,0.395937167,0.579421113,0.364296561,-0.088981813,-0.566329485,0.332963117,-0.584846622,-0.396397986,0.627188365,-0.563560772,0.318564829,0.281513854,0.418231935,0.368106284,-0.533685855,0.403597872,0.363287971,-0.464181835,0.33850349,-0.525832273,0.146804114,-0.58714444,0.047822391,-0.319337067,-0.391805951,-0.568663652,0.237080847,-0.573974144,-0.414810662,0.234640581,0.244754323,0.406361346,0.300429188,-0.505219036,0.14778225,0.447282296,0.142767458,0.129780542,0.474130786,0.143340849,-0.543658788,0.395232463,0.329214303,0.372473023,0.337254867,0.418229315,-0.641145307,-0.232038952,-0.538056524,-0.51845155,0.385259531,0.434814412,0.290815484,0.334781528,-0.56355848,-0.568086659,0.235368862,0.362172626,0.283406927,-0.595497078,0.22017418
BGEM-0268-S,0.236916787,0.342077765,0.343925975,0.417914294,0.370294074,1.81270691,-0.699987737,-0.62872294,0.336702107,-0.686525342,-0.629495429,0.540129626,-0.627538173,-0.745924789,0.432325026,-0.739079798,0.74175216,-0.65531568,-0.509214758,0.702108321,0.426212901,0.39385875,0.561734426,-0.635872146,0.656141469,0.443499426,0.297162402,0.530805728,0.428688205,0.340234795,-0.721622009,0.4758467,-0.07919226,-0.711702781,0.505606022,-0.744453819,0.474865616,0.458749449,0.534929489,-0.692604394,0.473461776,-0.727123085,-0.595740057,0.535549052,-0.650414518,0.474476261,0.608470819,0.543967838,-0.740809138,0.294314771,0.410762141,-0.395460128,-0.47877431,-0.085114784,-0.45379335,-0.785372477,-0.596643532,0.431201168,-0.567605942,0.477581607,-0.474998644,-0.747779876,0.426614045,0.535566735,0.248650496,-0.158438678,-0.704976659,-0.623776261,-0.700991416,0.603768756,0.075800634,0.342575839,-0.710366398,-0.629909999,-0.609603596,0.555179241,0.359447794,-0.08507778,-0.735565776,0.562467946,-0.222637772,0.45813971,-0.357835763,0.342636092,0.30597742,0.367190693,0.578865406,0.027260566,0.536559935,-0.207204696,-0.626678251,0.525807637,0.609022597,0.60192906,-0.657027337,0.458335534,0.489501644,0.394489446,-0.80962843,0.476368679,0.361845489,0.643806207,0.382367364,-0.729118982,0.529859028,0.439498792,-0.619951147,-0.603510136,-0.849823064,0.498557348,0.485637235,0.590274597,-0.618697613,-0.650669941,0.454739974,-0.629898538,0.435488661,-0.817361177,-0.71634983,-0.689399171,0.475965897,-0.617152308,-0.672122797,-0.603953523,0.48873112,0.414821719,-0.73380238,-0.612503622,0.558008534,-0.686390099,-0.260866637,0.570635567,0.436495287,0.339953175,0.415943613,0.606334768,0.571797084,-0.680639822,-0.675385981,0.472968614,0.527866406,0.356907652,0.596996789,-0.088956598,-0.726840156,0.446396832,-0.758850469,-0.556974478,0.508341988,-0.712223777,0.489920471,0.429964007,0.59728856,0.654252653,-0.723354951,0.519598582,0.53424869,-0.575919611,0.364922674,-0.701349989,-0.066955238,-0.769770757,-0.113280663,-0.488601848,-0.606289327,-0.681388734,0.287853568,-0.71230335,-0.570121524,0.572719224,0.530834872,0.372752351,0.361733169,-0.619457986,-0.072690779,0.484166919,-0.088960855,-0.072789346,0.525693352,-0.070221042,-0.729773583,0.453508707,0.323578966,0.5394187,0.516245672,0.554041956,-0.78776788,-0.367998624,-0.746155324,-0.672775106,0.557734119,0.463076566,0.498043229,0.411224194,-0.685366773,-0.6664629,0.536390636,0.418210977,0.389863682,-0.739750118,0.352893264
BGEM-0212-N,-0.730183896,-0.761402728,-0.68017515,-0.668189621,-0.507027622,-0.699987737,2.270417844,1.089713355,-0.656200162,1.154402664,1.101644197,-0.762654952,1.102153405,1.160691947,-0.726247118,1.185900822,-0.875522154,1.12426774,0.885516949,-0.744493769,-0.830365777,-0.769715743,-0.902112601,1.052220958,-0.840879025,-0.809590772,-0.659867764,-0.87999008,-0.726790381,-0.817218403,1.052103398,-0.796068124,-0.379598401,1.189253404,-0.932834341,1.162097098,-0.74610424,-0.820273975,-0.803924653,1.174849222,-0.806483133,1.085173059,0.93352849,-0.728138226,1.101721806,-0.771242055,-0.855178747,-0.88624498,1.415200986,-0.77145065,-0.698839646,0.910216617,0.880282756,-0.375121306,0.768883906,1.299090903,1.016480168,-0.852561323,0.840948044,-0.839617632,0.727011016,1.747336802,-0.819828295,-0.805393659,-0.498939248,0.177374893,1.185843188,1.043188503,1.150994413,-0.825390935,-0.279631337,-0.732009511,1.175516922,1.056340134,0.995950762,-0.897412503,-0.721587952,-0.383970052,1.211069746,-0.903748614,0.590176031,-0.798899709,0.67462062,-0.698380868,-0.738857122,-0.804742987,-0.835287241,0.004879674,-0.861466721,0.456328504,1.101631099,-0.863069987,-0.764847982,-0.742519813,0.985386428,-0.779155235,-0.864622824,-0.784618654,1.343288137,-0.810421549,-0.843261657,-0.899025266,-0.774295989,1.28656211,-0.875144587,-0.841038501,1.022199336,1.029820419,1.398796323,-0.916911706,-0.863550705,-0.810779795,1.018121421,1.092054071,-0.721077108,1.019623828,-0.88730531,1.361751897,1.191978237,1.102755939,-0.781073523,1.078246856,1.070864496,1.033260434,-0.780090147,-0.806608879,1.24429528,1.238494901,-0.792166711,1.213512959,0.456836729,-0.843253798,-0.82363769,-0.752996058,-0.744010759,-0.817032731,-0.909426522,1.088478158,1.087479064,-0.805133324,-0.713836867,-0.715900548,-0.762524949,0.505399392,1.235263154,-0.868893616,1.269073212,0.922731329,-0.848612755,1.163983948,-0.819248683,-0.699976276,-1.003004097,-0.84441335,1.209392473,-0.779894978,-0.912814142,0.923400667,-0.569596926,1.218825744,-0.377695177,1.267631058,0.207328401,0.699848815,0.972739421,1.134132609,-0.66581976,1.07636328,0.953223189,-0.760013623,-0.77089658,-0.810831535,-0.790915142,1.072189417,-0.385866072,-0.846328035,-0.370608189,-0.391361909,-0.792690654,-0.378064884,1.217849245,-0.809783648,-0.626737522,-0.891583961,-0.94681151,-0.933302943,1.337767412,0.62233272,1.262417168,0.990437896,-0.713785782,-0.880714104,-0.676852367,-0.699364899,1.160168659,1.184667263,-0.794104319,-0.75517075,-0.603170227,1.321017929,-0.720902242
BGEM-0253-N,-0.651020655,-0.714228187,-0.630894357,-0.551772049,-0.532058029,-0.62872294,1.089713355,2.386026906,-0.604154913,1.133189838,0.863289967,-0.719758736,1.040987614,1.227349318,-0.675057534,1.092680511,-0.820449168,0.993924739,0.861342208,-0.688433478,-0.782072289,-0.69562067,-0.85302927,1.008563386,-0.801208007,-0.761560566,-0.64928935,-0.838541911,-0.730429167,-0.790513998,0.904383819,-0.690445093,-0.334595932,1.044100819,-0.900008642,1.03050351,-0.709526779,-0.771848847,-0.759382927,1.119080701,-0.730084347,1.059155347,0.871507034,-0.674644929,1.097688098,-0.675821182,-0.8141255,-0.840847589,1.176517653,-0.724144468,-0.666145587,0.951664786,0.846169138,-0.327946765,0.795127569,1.153477576,1.086691839,-0.791367043,0.98830119,-0.824695073,0.906681965,1.232734473,-0.793650453,-0.757692555,-0.446301617,0.16359977,1.117437157,1.14097891,1.112075908,-0.767421854,-0.218239596,-0.677199807,1.123565983,0.918296149,1.006068433,-0.851027806,-0.649664952,-0.335413284,1.214737022,-0.851176803,0.450881459,-0.766534752,0.655316586,-0.623956694,-0.66311654,-0.775274126,-0.780872459,0.016182113,-0.808565808,0.308016542,1.040596949,-0.762317664,-0.724716221,-0.704691765,1.035588706,-0.690908783,-0.821200044,-0.717171438,1.224463701,-0.757454815,-0.820703935,-0.853496234,-0.750092758,1.246393018,-0.867001526,-0.816111245,1.029618373,0.900793825,1.316436372,-0.855585785,-0.820522848,-0.760116775,0.861911014,0.93511964,-0.689172893,1.081871234,-0.845725501,1.230421591,1.297337986,1.019277043,-0.746470673,1.010499029,0.819017089,1.096034402,-0.741208972,-0.779312091,1.198004894,0.970192401,-0.692862436,0.949883706,0.37474006,-0.799172815,-0.79436629,-0.701279912,-0.708223142,-0.771503699,-0.859750807,0.997890662,1.098189119,-0.765067384,-0.672059596,-0.703281703,-0.702844537,0.287646938,1.264337092,-0.832052874,1.131687431,0.962402348,-0.82019702,1.029033521,-0.760094835,-0.679064063,-0.97077078,-0.784535478,1.123544043,-0.727718089,-0.864520655,0.949381048,-0.549540378,1.142323807,-0.335852086,1.142751148,0.222909164,0.891630712,0.718259199,1.092252187,-0.594752424,1.098986823,0.86579507,-0.727253744,-0.66362804,-0.785904279,-0.780600009,0.877474093,-0.341258525,-0.809882215,-0.322512163,-0.342081116,-0.761510464,-0.332404212,1.057163052,-0.780051506,-0.578641496,-0.859284825,-0.895424466,-0.910218658,1.25685551,0.657001391,1.094754016,0.972911012,-0.683329616,-0.815899703,-0.625662784,-0.672463033,1.060629592,1.111851267,-0.748443646,-0.690685452,-0.579361918,1.172113583,-0.665434334
BGEM-0108-S,0.270173103,0.436086284,0.365202983,0.419708473,0.232746526,0.336702107,-0.656200162,-0.604154913,1.869675588,-0.674397366,-0.668444061,0.342027336,-0.693670618,-0.70490167,0.407198672,-0.730045379,0.43037301,-0.568679043,-0.480565868,0.515195494,0.609802945,0.397298437,0.476645714,-0.580566005,0.570460373,0.509731748,0.31310796,0.433145325,0.377760266,0.365000283,-0.712324308,0.433475409,0.239987749,-0.685818346,0.616267095,-0.726533649,0.539847351,0.458305735,0.447207962,-0.70219714,0.332623209,-0.70992694,-0.593682597,0.411033937,-0.623542778,0.421047148,0.454928921,0.496528378,-0.723349712,0.469743089,0.226021387,-0.522871339,-0.58295093,0.210238251,-0.421853442,-0.747377094,-0.582014381,0.570494102,-0.589112175,0.41987417,-0.449706593,-0.703334097,0.447035388,0.553750186,0.32587482,-0.148943516,-0.629858587,-0.602696714,-0.7068324,0.512295468,0.14275698,0.486081277,-0.703701512,-0.600142163,-0.631438931,0.485558316,0.477612389,0.236142661,-0.729756555,0.478695642,-0.388158979,0.33974589,-0.386977159,0.556306046,0.45692056,0.567104189,0.462380376,0.072298728,0.458448182,-0.366867889,-0.687939989,0.541950656,0.281912379,0.485049109,-0.647203073,0.55359464,0.465823338,0.487839761,-0.772554533,0.360805134,0.382464294,0.447678528,0.320644884,-0.752402365,0.454643372,0.53337567,-0.639811871,-0.622186093,-0.831837075,0.651080177,0.460971624,0.506436472,-0.608610068,-0.640253294,0.408024538,-0.69557024,0.54016008,-0.802337105,-0.747202556,-0.702019654,0.484210472,-0.534464893,-0.626558072,-0.590509139,0.365466592,0.342041417,-0.685473199,-0.5960315,0.471537594,-0.65431855,-0.181601882,0.486994903,0.352591342,0.526834238,0.5150203,0.374532448,0.536863494,-0.657848946,-0.704790659,0.346939631,0.498264267,0.366336993,0.324188378,-0.194449625,-0.694768607,0.457734964,-0.733558418,-0.524113084,0.406074159,-0.69121005,0.536669963,0.313676439,0.605993877,0.518416435,-0.70332853,0.31583574,0.477528558,-0.569583827,0.335123073,-0.69764702,0.22365873,-0.750994923,-0.09457065,-0.452515256,-0.553418541,-0.736463356,0.514161033,-0.696752715,-0.594458033,0.341970029,0.372158985,0.569111547,0.568952727,-0.594297576,0.222135693,0.525716602,0.216067775,0.25119555,0.351878779,0.226909143,-0.657025045,0.356374867,0.451221695,0.534696662,0.507903513,0.54787187,-0.806707119,-0.364756398,-0.719020303,-0.648865283,0.334883369,0.486788928,0.610086529,0.216610384,-0.663102459,-0.694156248,0.565697729,0.211552039,0.323073033,-0.731768825,0.425970904
BGEM-0146-N,-0.72343518,-0.744451854,-0.667305139,-0.587656268,-0.53825726,-0.686525342,1.154402664,1.133189838,-0.674397366,2.433590802,1.0741005,-0.761106045,1.162545724,1.317774393,-0.711665777,1.27084414,-0.891020722,1.16715184,0.812886298,-0.729912428,-0.835333086,-0.757372294,-0.894837322,1.033760472,-0.846372898,-0.807910224,-0.664308511,-0.884957389,-0.766708308,-0.823831222,1.186543635,-0.797283672,-0.392661616,1.11787334,-0.953006157,1.197872598,-0.774042859,-0.821423702,-0.817646072,1.150135801,-0.796904141,1.055786391,1.020314778,-0.707633051,1.109194547,-0.760741577,-0.869229268,-0.907996484,1.232913596,-0.778524211,-0.69742238,1.056504521,0.891704719,-0.385025143,0.660183691,1.277734321,0.956289567,-0.848906164,1.111504809,-0.849982212,0.879617676,1.229562978,-0.831640923,-0.822011174,-0.537606588,0.302731919,1.223461659,1.06948587,1.228302568,-0.822130698,-0.278345712,-0.721772315,1.193389281,0.93539733,1.078524546,-0.905934112,-0.735309371,-0.392491662,1.170032873,-0.897921383,0.533342268,-0.814793201,0.68373887,-0.629497721,-0.716508977,-0.811750728,-0.835318023,-0.007459517,-0.867618797,0.486114351,1.157284351,-0.848093724,-0.765010405,-0.756899436,1.141942311,-0.71408967,-0.855899496,-0.762665431,1.30159306,-0.822102536,-0.837566067,-0.897213077,-0.78479221,1.242168398,-0.919999042,-0.864567155,1.041322283,1.059672086,1.391722761,-0.910162989,-0.854300814,-0.812719368,1.017761537,1.103739315,-0.745790529,1.059743473,-0.89944704,1.345726765,1.246380902,1.11378298,-0.798283421,1.035235372,1.108482967,0.969318071,-0.781766437,-0.820132837,1.16646482,0.903109327,-0.779099239,1.19979154,0.474116705,-0.842560556,-0.823471011,-0.739336203,-0.784981812,-0.798502167,-0.889908653,1.079693267,1.126348122,-0.796344176,-0.68220805,-0.735743262,-0.73405551,0.255382839,1.237206983,-0.888933791,1.154054241,1.086856554,-0.858516593,1.193572334,-0.832311898,-0.714553359,-1.021201301,-0.834965998,1.240363086,-0.784204083,-0.915346098,1.022034622,-0.583910728,1.173181445,-0.388323038,1.228700437,0.197951127,0.801576328,0.908731238,1.218549364,-0.639522393,1.038354144,0.987484821,-0.774853989,-0.754472268,-0.818168378,-0.825501618,1.036747276,-0.390767561,-0.851624447,-0.381367692,-0.399159495,-0.799435114,-0.386323212,1.222952452,-0.77980034,-0.630651706,-0.911689956,-0.960269648,-0.957423981,1.36070794,0.735118056,1.254093019,0.982113748,-0.721780829,-0.855469863,-0.704593525,-0.707096664,1.152502714,1.163639783,-0.783669661,-0.72110658,-0.614258831,1.209619078,-0.712508016
BGEM-0061-N,-0.612893304,-0.750082934,-0.648648502,-0.628172145,-0.553563935,-0.629495429,1.101644197,0.863289967,-0.668444061,1.0741005,2.437664788,-0.750545314,1.128940986,1.079205018,-0.720192954,1.295819533,-0.840967768,0.976170594,0.944556513,-0.722971818,-0.814043634,-0.743454724,-0.880129907,1.037475884,-0.834890681,-0.741336356,-0.640057142,-0.833522207,-0.77793412,-0.775160495,1.290766755,-0.760723894,-0.40599368,1.273897092,-0.930597759,1.143468623,-0.739589333,-0.785982871,-0.798726153,1.189723316,-0.758764674,1.12084639,1.103146277,-0.728600278,1.12712716,-0.730105632,-0.846031025,-0.884798241,1.221687784,-0.756115813,-0.644144227,1.027112287,1.06168239,-0.396974979,0.735314207,1.146517972,1.00265658,-0.843808523,0.79414845,-0.817371656,0.793027539,1.164693564,-0.816406946,-0.80572407,-0.50282396,0.223118741,0.996410849,0.938993545,1.204307604,-0.791560574,-0.220789235,-0.712133069,1.181307805,1.01302902,0.982785378,-0.880827079,-0.687231028,-0.405823725,1.088905827,-0.878409081,0.587871008,-0.753748244,0.679029275,-0.700620071,-0.736488899,-0.777165561,-0.81211978,-0.025925569,-0.834613319,0.464686381,1.119203828,-0.868007825,-0.734506101,-0.730475995,1.04580822,-0.757172541,-0.802621344,-0.775800034,1.240804509,-0.800615624,-0.727616575,-0.855848412,-0.760935763,1.342113194,-0.903119555,-0.839394301,1.036875969,0.874877954,1.360750838,-0.903683121,-0.798784769,-0.783399831,1.099803192,1.144840699,-0.723184669,0.999876407,-0.850907954,1.364778324,1.125103429,1.210700039,-0.776533227,0.897107884,1.158535921,1.008773945,-0.760608626,-0.777912507,1.262592034,0.94776501,-0.776700234,1.119256877,0.540822213,-0.813372659,-0.677386135,-0.760566711,-0.802855481,-0.717908561,-0.904886226,1.089200873,1.038178296,-0.774462341,-0.73042491,-0.742690749,-0.727838923,0.222897048,1.120800218,-0.886995528,1.256434391,0.7918133,-0.843019334,1.24402021,-0.838601182,-0.699451022,-1.008402677,-0.831184765,1.105263335,-0.759426152,-0.909195332,1.094269041,-0.570190619,1.062566872,-0.39948303,1.228532448,0.105568797,0.752832904,0.99735493,1.043759929,-0.667005836,1.15955892,1.034510038,-0.73118561,-0.748584784,-0.787729894,-0.801842633,0.966809693,-0.403836343,-0.85600494,-0.391342916,-0.403210886,-0.788940203,-0.392678317,1.15670081,-0.716583312,-0.614167141,-0.889347379,-0.938716914,-0.928170264,1.288861566,0.480883432,1.146308723,1.166111158,-0.717538853,-0.862943913,-0.673036096,-0.63400658,1.191234565,1.154454403,-0.68800319,-0.658811036,-0.5859266,1.115327958,-0.686742779
BGEM-0099-S,0.419101353,0.500830279,0.457854816,0.556262493,0.471782865,0.540129626,-0.762654952,-0.719758736,0.342027336,-0.761106045,-0.750545314,1.64320701,-0.751944897,-0.80944767,0.452459838,-0.808987254,0.691919916,-0.711927421,-0.578858933,0.484697412,0.514603438,0.396222061,0.651704652,-0.71071613,0.752693732,0.522016907,0.448345574,0.581612833,0.573947543,0.523669948,-0.789225752,0.511120197,0.021440866,-0.772395385,0.579779359,-0.81343979,0.554962787,0.486585245,0.630362806,-0.771989984,0.489384084,-0.792225655,-0.692370584,0.542388149,-0.726114167,0.51356734,0.552780563,0.542579388,-0.787876926,0.578784194,0.500732368,-0.640383952,-0.657087918,0.041122467,-0.523240064,-0.842444961,-0.67576584,0.494185042,-0.668909715,0.573673128,-0.528714289,-0.811829319,0.526259865,0.421164707,0.26207163,-0.161933379,-0.773436067,-0.715799362,-0.776559424,0.512272218,0.04011977,0.435047239,-0.784683819,-0.699685814,-0.716962843,0.578210149,0.429408627,0.026744809,-0.80323534,0.649739537,-0.278196388,0.635058647,-0.462759657,0.473020026,0.422407435,0.457490021,0.681604784,-0.049887132,0.623765705,-0.372617512,-0.747464855,0.491640642,0.667925608,0.462383651,-0.706464658,0.48794848,0.587370314,0.496899723,-0.875520844,0.462145257,0.521190387,0.597462444,0.590419337,-0.853854808,0.649119319,0.502153564,-0.719477771,-0.679999629,-0.911963717,0.590107263,0.584888133,0.499304622,-0.674124588,-0.727225254,0.554188333,-0.747262482,0.563042319,-0.882727028,-0.819957316,-0.774642774,0.552245486,-0.675080457,-0.724390394,-0.67945571,0.498927056,0.606418599,-0.790611582,-0.685307174,0.562280637,-0.738526055,-0.476697857,0.578988532,0.499610801,0.504695343,0.492618124,0.719802867,0.620761218,-0.757721699,-0.772082329,0.640343597,0.43307885,0.507366799,0.437573628,-0.151952915,-0.800170272,0.53853913,-0.817963385,-0.625762988,0.540390287,-0.780617364,0.5165715,0.431866576,0.671790999,0.56710026,-0.785890526,0.578238311,0.594270647,-0.677420846,0.33799592,-0.764741229,0.040589027,-0.848629784,-0.177330107,-0.552980393,-0.658030361,-0.79730463,0.401650768,-0.765624073,-0.646150275,0.497809419,0.506146011,0.462854217,0.576103897,-0.695091815,0.040119115,0.608034636,0.02207189,0.021919946,0.717948435,0.041404086,-0.788623217,0.539003148,0.484306092,0.602270933,0.58350787,0.607021134,-0.871168513,-0.429744355,-0.800397532,-0.738799161,0.505861445,0.492623691,0.366396264,0.433728539,-0.763370135,-0.801664165,0.533027575,0.532995483,0.353722077,-0.835064238,0.427066601
BGEM-0193-N,-0.788585231,-0.790448177,-0.680325456,-0.655373314,-0.547723277,-0.627538173,1.102153405,1.040987614,-0.693670618,1.162545724,1.128940986,-0.751944897,2.325472164,1.290010312,-0.749697836,1.223333948,-0.842630633,1.034799189,0.823429674,-0.753924748,-0.849669811,-0.813570775,-0.906541232,0.976179763,-0.838791439,-0.827446758,-0.686741141,-0.843412619,-0.786903046,-0.839550174,1.217359685,-0.830247562,-0.442870443,1.186075361,-0.955692676,1.24672343,-0.788445404,-0.836418631,-0.818160518,1.070571088,-0.77833068,1.345671424,0.964840321,-0.714334613,1.092817391,-0.782647645,-0.862635114,-0.898177132,1.254185692,-0.777327328,-0.721368879,0.898942668,0.965764753,-0.430165802,0.727661688,1.251681571,0.992568708,-0.876867705,1.060177036,-0.865569524,0.714881402,1.224112004,-0.845319445,-0.831674652,-0.542201898,0.2929368,1.108880509,1.063771614,1.288869425,-0.84660376,-0.328422898,-0.707016436,1.230919009,1.118126797,1.122043928,-0.895324916,-0.716077707,-0.439738572,1.22513664,-0.90561025,0.61233883,-0.82109984,0.715937148,-0.69425285,-0.748880484,-0.832340388,-0.825169569,-0.043187862,-0.879454348,0.521011264,2.156712989,-0.840248984,-0.752360777,-0.775317023,1.161897999,-0.768774282,-0.904594455,-0.801092412,1.320429802,-0.825842181,-0.876717072,-0.915959767,-0.811898087,1.27502488,-0.914984577,-0.866398009,1.212204084,1.021310925,1.442350743,-0.927461631,-0.901481905,-0.839232861,1.036993202,1.001005832,-0.733272542,1.178890461,-0.907333368,1.383388134,1.229082261,1.186000044,-0.798139664,0.972454854,1.18247718,0.996514001,-0.810781105,-0.835259407,1.108094266,0.984870344,-0.780600991,1.075863897,0.708646805,-0.865914672,-0.81556045,-0.772234272,-0.775952305,-0.799477357,-0.902270767,1.054167079,1.321978382,-0.788565256,-0.720635031,-0.778119465,-0.718575606,0.249273661,1.132038146,-0.900374419,1.32822706,1.04434871,-0.873708982,1.206221961,-0.855666014,-0.736064505,-1.017766526,-0.844037093,1.145857149,-0.768395078,-0.904802722,0.867895428,-0.598115812,1.169705081,-0.434780104,1.306775514,0.088372325,0.695617646,1.064935096,1.337827993,-0.695194311,0.983801173,0.996514328,-0.783135239,-0.749852726,-0.845603356,-0.830294389,1.014314645,-0.436829705,-0.85510081,-0.426113428,-0.444760896,-0.804293705,-0.428633595,1.15589361,-0.775707361,-0.635378657,-0.896144233,-0.964930778,-0.953199361,1.435886921,0.540301872,1.239887935,1.096258388,-0.723480043,-0.877112649,-0.705042152,-0.695500163,1.135467354,1.242438884,-0.8500703,-0.691146194,-0.617471913,1.318432269,-0.728621891
BGEM-0256-N,-0.787836975,-0.809511853,-0.726507125,-0.680821565,-0.568959025,-0.745924789,1.160691947,1.227349318,-0.70490167,1.317774393,1.079205018,-0.80944767,1.290010312,2.384429861,-0.765931235,1.224872049,-0.925145147,1.094588319,0.956279416,-0.766011464,-0.882884866,-0.798539498,-0.947588911,1.138714493,-0.88898815,-0.864545215,-0.709556578,-0.9203324,-0.800503631,-0.866446474,1.19480753,-0.846020219,-0.450020631,1.182611113,-0.982194053,1.273075811,-0.809220409,-0.865684464,-0.845978303,1.154713755,-0.826223678,1.235709815,1.094333224,-0.775852428,1.158530354,-0.78045134,-0.903485333,-0.930273241,1.270599197,-0.833184591,-0.760310306,1.053578953,0.805187279,-0.440014625,0.791202579,1.335626777,1.036363487,-0.882569845,1.200069558,-0.905827359,0.904270843,1.233219447,-0.861421203,-0.842181679,-0.558172016,0.27137195,1.358693051,1.104538656,1.268423522,-0.876330336,-0.329846714,-0.742995946,1.290576498,1.108607076,1.165246324,-0.934134703,-0.760942968,-0.443926844,1.305132624,-0.945275702,0.572739199,-0.850102392,0.735049288,-0.709169842,-0.770642795,-0.846138433,-0.878394017,-0.064950173,-0.907667055,0.589751964,1.290080389,-0.876425956,-0.824673133,-0.795565465,1.329105975,-0.812783878,-0.92714661,-0.8260141,1.413918962,-0.842470503,-0.899137586,-0.947529312,-0.824116443,1.374174592,-0.955571514,-0.896453687,1.17220953,1.148960858,1.533799471,-0.944155773,-0.926469413,-0.863562166,1.010360184,1.181904445,-0.773530377,1.167988512,-0.935677716,1.40533055,1.316845048,1.213537192,-0.832210384,1.006705679,1.145510364,1.044126362,-0.830897906,-0.856626795,1.221461178,0.993319584,-0.830073678,1.071017422,0.449207133,-0.89439066,-0.883528661,-0.797814164,-0.829374214,-0.875870576,-0.935683283,1.195178547,1.260065645,-0.854953779,-0.709355515,-0.772632142,-0.797733281,0.218164858,1.354798515,-0.911802932,1.306662211,1.107033936,-0.899157234,1.266669295,-0.860578309,-0.745189304,-1.054864983,-0.87751543,1.368485878,-0.812404674,-0.933476172,1.099607368,-0.619088278,1.249108682,-0.449433815,1.366169721,0.129797571,0.898302802,0.948852193,1.244913861,-0.683519873,1.109213213,0.926834787,-0.804173526,-0.782212117,-0.858545737,-0.865352415,1.066797714,-0.450825212,-0.893976417,-0.436686275,-0.455004642,-0.825266171,-0.44045703,1.350022118,-0.835184745,-0.660366165,-0.929096006,-1.00117357,-0.993852118,1.477707089,0.770368303,1.290988776,1.174477222,-0.770517376,-0.903877308,-0.7333865,-0.734968153,1.238632109,1.23061545,-0.865382214,-0.782151536,-0.651016071,1.275936541,-0.759993975
BGEM-0097-S,0.436684562,0.526311932,0.475503845,0.41054536,0.102803032,0.432325026,-0.726247118,-0.675057534,0.407198672,-0.711665777,-0.720192954,0.452459838,-0.749697836,-0.765931235,1.690155273,-0.753688973,0.519611353,-0.630564273,-0.596357983,0.472727273,0.409694935,0.584938235,0.506843183,-0.653179956,0.505613226,0.530714365,0.41248264,0.54937002,0.470947831,0.471351922,-0.746894084,0.596235107,0.072065901,-0.722362734,0.561095543,-0.752744238,0.48665041,0.521018468,0.528284579,-0.741374342,0.407249429,-0.759174659,-0.621604516,0.492044733,-0.661535214,0.37903967,0.550486019,0.50243813,-0.77964021,0.496847001,0.481061245,-0.576594843,-0.620877545,0.066933221,-0.462215411,-0.820583428,-0.624285141,0.547706173,-0.650536662,0.560584043,-0.545028572,-0.772591209,0.459527178,0.471789742,0.343566419,-0.123682574,-0.726760255,-0.640425867,-0.745153938,0.483386244,0.114966702,0.481196488,-0.757556657,-0.650113906,-0.660808897,0.550838043,0.477137565,0.075724334,-0.749714209,0.50698432,-0.299249738,0.508297781,-0.407593016,0.425901809,0.48007525,0.402802461,0.528120846,-0.005712493,0.556572275,-0.088001056,-0.749825219,0.582876846,0.430257415,0.5085329,-0.68894727,0.533702807,0.614563297,0.521920633,-0.832530972,0.577734998,0.438924091,0.642229466,0.530202866,-0.812707906,0.50419203,0.545472537,-0.70663363,-0.653267389,-0.874107834,0.671799513,0.612476038,0.467325091,-0.664505645,-0.702006883,0.429138796,-0.719872038,0.567132351,-0.846385014,-0.775124474,-0.753768547,0.516974936,-0.62234917,-0.692326704,-0.623038483,0.531056566,0.512502098,-0.710433201,-0.63119366,0.534908531,-0.693232471,-0.401719285,0.562279327,0.400889413,0.586650875,0.608536967,0.365435156,0.522368932,-0.709202916,-0.768847962,0.397936338,0.502857612,0.377314914,0.482933033,-0.199531875,-0.736776085,0.502610377,-0.784780749,-0.590869022,0.47905487,-0.74427535,0.67092944,0.459191199,0.65804371,0.533343578,-0.753036991,0.424754374,0.543334849,-0.629494446,0.420478014,-0.75058068,0.067650369,-0.794055527,-0.126507611,-0.504593251,-0.628138743,-0.79360952,0.463728548,-0.711839661,-0.629883474,0.587729216,0.525111447,0.407771735,0.545967336,-0.64979823,0.073367572,0.514249776,0.05953285,0.08301042,0.496537874,0.065700972,-0.740433536,0.442914574,0.328913363,0.568645892,0.648942489,0.552728496,-0.853124562,-0.450534423,-0.779654946,-0.681855371,0.440313524,0.505731114,0.539644651,0.292553011,-0.71807655,-0.778222944,0.498349408,0.2934185,0.426331115,-0.78917827,0.459656854
